{
  "advancedEditorSelectedIdentifier" : "ProjectBrowser",
  "openSceneRelativePaths" : [
    "Immersive.usda"
  ],
  "recentIdentifiers" : {
    "4E425426-6DE9-4193-9810-D3E52E6C22B7" : [

    ],
    "AF09ED6F-1707-48FD-8720-65B998362C09" : [

    ],
    "E034F36B-9096-445D-B432-D5CAD280E7F8" : [

    ]
  },
  "sceneCameraHistory" : {
    "4E425426-6DE9-4193-9810-D3E52E6C22B7" : [
      {
        "date" : 740693365.295803,
        "title" : "Untitled",
        "transform" : [
          0.99764675,
          2.4521996e-11,
          0.06856366,
          0,
          0.04529464,
          0.7507191,
          -0.65906703,
          0,
          -0.05147205,
          0.6606216,
          0.74895245,
          0,
          0.009821967,
          0.13230848,
          0.32665378,
          1
        ]
      },
      {
        "date" : 740693363.480304,
        "title" : "Untitled",
        "transform" : [
          0.99764675,
          2.4521996e-11,
          0.06856366,
          0,
          0.04529464,
          0.7507191,
          -0.65906703,
          0,
          -0.05147205,
          0.6606216,
          0.74895245,
          0,
          0.010746834,
          0.14476706,
          0.35741252,
          1
        ]
      },
      {
        "date" : 740693332.253149,
        "title" : "Untitled",
        "transform" : [
          1,
          0,
          -0,
          0,
          -0,
          0.7071069,
          -0.7071067,
          0,
          0,
          0.7071067,
          0.7071069,
          0,
          0.103892565,
          0.4929415,
          1.0201046,
          1
        ]
      },
      {
        "date" : 740693324.84497,
        "title" : "Untitled",
        "transform" : [
          0.99646527,
          6.0300547e-09,
          0.08400569,
          0,
          0.017418519,
          0.978267,
          -0.20661654,
          0,
          -0.08218001,
          0.20734942,
          0.9748091,
          0,
          -0.015084027,
          -0.2649746,
          0.72954136,
          1
        ]
      },
      {
        "date" : 740693322.120181,
        "title" : "Untitled",
        "transform" : [
          0.9985714,
          6.2531647e-09,
          -0.053434554,
          0,
          -0.023726119,
          0.8960161,
          -0.44338736,
          0,
          0.047878202,
          0.44402164,
          0.89473605,
          0,
          0.10545651,
          0.09182724,
          1.1051074,
          1
        ]
      },
      {
        "date" : 740693319.742303,
        "title" : "Untitled",
        "transform" : [
          0.9985714,
          6.2531647e-09,
          -0.053434554,
          0,
          -0.023726119,
          0.8960161,
          -0.44338736,
          0,
          0.047878202,
          0.44402164,
          0.89473605,
          0,
          0.11711613,
          0.19995844,
          1.3229998,
          1
        ]
      },
      {
        "date" : 740693316.116166,
        "title" : "Untitled",
        "transform" : [
          0.9965503,
          2.6459885e-09,
          -0.082991146,
          0,
          -0.075238526,
          0.42202342,
          -0.90345734,
          0,
          0.0350242,
          0.9065849,
          0.4205677,
          0,
          0.11132753,
          0.40826702,
          1.1094651,
          1
        ]
      },
      {
        "date" : 740693301.812408,
        "title" : "Untitled",
        "transform" : [
          0.9963953,
          4.6899054e-09,
          -0.08483452,
          0,
          -0.084782846,
          0.03489953,
          -0.9957883,
          0,
          0.0029606721,
          0.999391,
          0.034773797,
          0,
          0.0024808347,
          0.8540776,
          0.02923537,
          1
        ]
      },
      {
        "date" : 740693290.19182,
        "title" : "Untitled",
        "transform" : [
          0.9999783,
          7.1914457e-09,
          0.006596375,
          0,
          0.0032934835,
          0.86643624,
          -0.499277,
          0,
          -0.005715342,
          0.49928784,
          0.8664174,
          0,
          -0.004890893,
          0.42710164,
          0.74018204,
          1
        ]
      },
      {
        "date" : 740693277.282034,
        "title" : "Untitled",
        "transform" : [
          0.99997824,
          8.347621e-09,
          0.0065963706,
          0,
          0.0014043855,
          0.9770732,
          -0.21289882,
          0,
          -0.0064451466,
          0.2129034,
          0.97705203,
          0,
          -0.004899955,
          0.062315203,
          0.27196187,
          1
        ]
      }
    ],
    "AF09ED6F-1707-48FD-8720-65B998362C09" : [
      {
        "date" : 740694919.555118,
        "title" : "Untitled",
        "transform" : [
          0.9915278,
          -2.1224338e-10,
          -0.12989533,
          0,
          0.0077600577,
          0.99821395,
          0.05923496,
          0,
          0.1296632,
          -0.059741117,
          0.9897567,
          0,
          0.3060256,
          0.23195593,
          0.4196683,
          1
        ]
      },
      {
        "date" : 740694917.232092,
        "title" : "Untitled",
        "transform" : [
          0.99975336,
          -3.5908045e-09,
          0.022209862,
          0,
          0.005809093,
          0.9651882,
          -0.2614916,
          0,
          -0.02143679,
          0.26155612,
          0.96495014,
          0,
          0.24090406,
          0.36516365,
          0.36358967,
          1
        ]
      },
      {
        "date" : 740694566.382853,
        "title" : "Untitled",
        "transform" : [
          -0.91646177,
          -3.2741807e-09,
          0.40012243,
          0,
          0.101059645,
          0.9675782,
          0.23147228,
          0,
          -0.38714972,
          0.25257173,
          -0.88674843,
          0,
          -0.78439105,
          0.63034683,
          -1.1745018,
          1
        ]
      },
      {
        "date" : 740694563.761475,
        "title" : "Untitled",
        "transform" : [
          0.10796612,
          -1.4709015e-09,
          0.99415463,
          0,
          0.30243778,
          0.95260304,
          -0.032845076,
          0,
          -0.9470348,
          0.3042161,
          0.10284886,
          0,
          -1.3195542,
          0.704164,
          0.39368832,
          1
        ]
      },
      {
        "date" : 740694377.595597,
        "title" : "Untitled",
        "transform" : [
          0.10796612,
          -1.4709015e-09,
          0.99415463,
          0,
          0.30243778,
          0.95260304,
          -0.032845076,
          0,
          -0.9470348,
          0.3042161,
          0.10284886,
          0,
          -0.47897896,
          0.39651054,
          0.06736567,
          1
        ]
      },
      {
        "date" : 740694373.808886,
        "title" : "Untitled",
        "transform" : [
          0.11356709,
          -1.3884056e-09,
          0.99353033,
          0,
          0.48667237,
          0.87181157,
          -0.055629928,
          0,
          -0.8661712,
          0.48984152,
          0.09900911,
          0,
          -0.25983354,
          0.3241231,
          0.03994826,
          1
        ]
      },
      {
        "date" : 740694338.673268,
        "title" : "Untitled",
        "transform" : [
          0.10126325,
          8.8677155e-10,
          0.9948597,
          0,
          0.042096604,
          0.9991044,
          -0.004284923,
          0,
          -0.99396867,
          0.04231415,
          0.10117257,
          0,
          -0.37793604,
          0.17016907,
          0.048702646,
          1
        ]
      },
      {
        "date" : 740694335.884086,
        "title" : "Untitled",
        "transform" : [
          0.10126325,
          8.8677155e-10,
          0.9948597,
          0,
          0.042096604,
          0.9991044,
          -0.004284923,
          0,
          -0.99396867,
          0.04231415,
          0.10117257,
          0,
          -0.37793604,
          0.17016907,
          0.048702646,
          1
        ]
      },
      {
        "date" : 740694334.530884,
        "title" : "Untitled",
        "transform" : [
          0.10126325,
          8.8677155e-10,
          0.9948597,
          0,
          0.042096604,
          0.9991044,
          -0.004284923,
          0,
          -0.99396867,
          0.04231415,
          0.10117257,
          0,
          -0.37793604,
          0.17016907,
          0.048702646,
          1
        ]
      },
      {
        "date" : 740694331.787062,
        "title" : "Untitled",
        "transform" : [
          0.10126325,
          8.8677155e-10,
          0.9948597,
          0,
          0.042096604,
          0.9991044,
          -0.004284923,
          0,
          -0.99396867,
          0.04231415,
          0.10117257,
          0,
          -0.3730892,
          0.22511983,
          0.0733385,
          1
        ]
      }
    ],
    "E034F36B-9096-445D-B432-D5CAD280E7F8" : [
      {
        "date" : 740625677.145522,
        "title" : "Untitled",
        "transform" : [
          0.99552876,
          -2.079947e-09,
          0.09445874,
          0,
          0.035385676,
          0.92718035,
          -0.37294018,
          0,
          -0.087580286,
          0.37461525,
          0.9230348,
          0,
          -0.04441513,
          0.9153463,
          0.52075803,
          1
        ]
      },
      {
        "date" : 740625666.5679,
        "title" : "Untitled",
        "transform" : [
          0.9952551,
          -1.8873054e-09,
          0.09729926,
          0,
          0.03257412,
          0.9422953,
          -0.33319432,
          0,
          -0.091684654,
          0.33478287,
          0.93782425,
          0,
          -0.05444379,
          0.8180187,
          0.55689496,
          1
        ]
      },
      {
        "date" : 740625661.841301,
        "title" : "Untitled",
        "transform" : [
          0.9994639,
          1.306216e-10,
          -0.03273762,
          0,
          -0.02789341,
          0.5234946,
          -0.8515723,
          0,
          0.01713797,
          0.852029,
          0.52321404,
          0,
          0.005878126,
          1.0788321,
          0.17945595,
          1
        ]
      },
      {
        "date" : 740625591.574528,
        "title" : "Untitled",
        "transform" : [
          0.9997723,
          1.8516033e-10,
          0.021336488,
          0,
          0.018504275,
          0.49785605,
          -0.8670623,
          0,
          -0.0106224995,
          0.8672597,
          0.49774277,
          0,
          -0.0034037784,
          1.0838885,
          0.15949282,
          1
        ]
      },
      {
        "date" : 740625448.584591,
        "title" : "Untitled",
        "transform" : [
          1,
          0,
          -0,
          0,
          -0,
          0.8660254,
          -0.5,
          0,
          0,
          0.5,
          0.8660254,
          0,
          1.1990778e-08,
          0.85722536,
          0.6822232,
          1
        ]
      },
      {
        "date" : 740625435.532094,
        "title" : "Untitled",
        "transform" : [
          1,
          0,
          0,
          0,
          0,
          0.8660254,
          -0.5,
          0,
          0,
          0.5,
          0.8660254,
          0,
          0.0003088609,
          0.21267329,
          0.33030975,
          1
        ]
      },
      {
        "date" : 740625423.328126,
        "title" : "Untitled",
        "transform" : [
          1,
          0,
          0,
          0,
          0,
          0.8660254,
          -0.5,
          0,
          0,
          0.5,
          0.8660254,
          0,
          0.0003088609,
          0.21043153,
          0.3264269,
          1
        ]
      },
      {
        "date" : 740625394.79254,
        "title" : "Untitled",
        "transform" : [
          1,
          0,
          -0,
          0,
          -0,
          0.8660254,
          -0.5,
          0,
          0,
          0.5,
          0.8660254,
          0,
          0,
          0.21347778,
          0.36975437,
          1
        ]
      }
    ]
  },
  "selectedSceneRelativePath" : "Immersive.usda"
}